name: optuna
best_params:
  #learning_rate: 0.00351144788086927
  learning_rate: 0.006107686573608481
  weight_decay: 7.2180187329525825e-06
  early_stopping_patience: 25
  degrees: 10
best_value: 0.25147049931379467
